{
 "cells": [
  {
   "cell_type": "code",
   "execution_count": 8,
   "metadata": {},
   "outputs": [
    {
     "name": "stdout",
     "output_type": "stream",
     "text": [
      "/dust3r\n"
     ]
    }
   ],
   "source": [
    "import os\n",
    "os.chdir(\"/dust3r\")\n",
    "print(os.getcwd())"
   ]
  },
  {
   "cell_type": "code",
   "execution_count": 9,
   "metadata": {},
   "outputs": [],
   "source": [
    "import json\n",
    "import roma\n",
    "import torch\n",
    "import numpy as np\n",
    "from scipy.spatial.transform import Rotation \n",
    "\n",
    "DATA_PATH = \"/dust3r/masked_dust3r/data/jackal_irl_one_spin\"\n",
    "FILE_1 = os.path.join(DATA_PATH, \"transforms_1.json\")\n",
    "FILE_2 = os.path.join(DATA_PATH, \"transforms_2.json\")\n",
    "\n",
    "with open(FILE_1, \"r\") as f:\n",
    "    data_1 = json.load(f)\n",
    "with open(FILE_2, \"r\") as f:\n",
    "    data_2 = json.load(f)"
   ]
  },
  {
   "cell_type": "code",
   "execution_count": 10,
   "metadata": {},
   "outputs": [
    {
     "name": "stdout",
     "output_type": "stream",
     "text": [
      "[(10, 0), (11, 1), (12, 2), (13, 3), (14, 4), (15, 5), (16, 6), (17, 7), (18, 8), (19, 9)]\n",
      "[[ 0.15529452  0.90177882 -0.40333468  1.20198894]\n",
      " [-0.16230246 -0.3794491  -0.91086584 -0.12750249]\n",
      " [-0.97444439  0.20691469  0.08743466  0.49195433]\n",
      " [ 0.          0.          0.          1.        ]]\n"
     ]
    }
   ],
   "source": [
    "file_path_1 = [f[\"file_path\"] for f in data_1[\"frames\"]]\n",
    "file_path_2 = [f[\"file_path\"] for f in data_2[\"frames\"]]\n",
    "\n",
    "# Find matching keys in data_1 and data_2\n",
    "matching_keys = []\n",
    "for i, f_1 in enumerate(file_path_1):\n",
    "    for j, f_2 in enumerate(file_path_2):\n",
    "        if f_1 == f_2:\n",
    "            matching_keys.append((i, j))\n",
    "            break\n",
    "print(matching_keys)\n",
    "\n",
    "X = []\n",
    "Y = []\n",
    "\n",
    "for (i,j) in matching_keys:\n",
    "    X.append(data_1[\"frames\"][i][\"transform_matrix\"])\n",
    "    Y.append(data_2[\"frames\"][j][\"transform_matrix\"])\n",
    "\n",
    "X = torch.tensor(X)\n",
    "Y = torch.tensor(Y)\n",
    "\n",
    "X = X[:,:3,3]\n",
    "Y = Y[:,:3,3]\n",
    "\n",
    "X = X.unsqueeze(0)\n",
    "Y = Y.unsqueeze(0)\n",
    "\n",
    "(R,t,s) = roma.rigid_points_registration(Y,X,compute_scaling=True)\n",
    "\n",
    "corr = torch.tensor(np.zeros((4,4)))\n",
    "corr[:3,:3] = R[0]\n",
    "corr[:3,3] = t[0]/s[0]\n",
    "corr[3,3] = 1\n",
    "corr = corr.numpy()\n",
    "\n",
    "print(corr)"
   ]
  },
  {
   "cell_type": "code",
   "execution_count": 11,
   "metadata": {},
   "outputs": [
    {
     "name": "stdout",
     "output_type": "stream",
     "text": [
      "{'masked_images/0.png': {'file_path': 'masked_images/0.png', 'transform_matrix': [[0.804954879347945, 0.39127038052422497, 0.44604377872431766, 0.10346801014166823], [0.3985746213061731, -0.913462663740458, 0.08200155822916588, -0.004094556099282245], [0.43952911834941294, 0.11177417107492905, -0.8912466559721222, 0.06137701512133444], [0.0, 0.0, 0.0, 1.0]], 'mask_path': 'masks/0.png', 'fl_x': 696.2276458740234, 'fl_y': 696.2276458740234, 'cx': 320.0, 'cy': 240.0}, 'masked_images/1.png': {'file_path': 'masked_images/1.png', 'transform_matrix': [[0.7933903481791179, 0.39043935740413155, 0.4670000038614324, 0.11214370701638388], [0.3805610579564126, -0.9169281830520767, 0.12006720087397982, 0.006230642941854678], [0.47508442296961667, 0.08246185477558027, -0.8760678814590015, 0.06066276601744281], [0.0, 0.0, 0.0, 1.0]], 'mask_path': 'masks/1.png', 'fl_x': 745.8506011962891, 'fl_y': 745.8506011962891, 'cx': 320.0, 'cy': 240.0}, 'masked_images/2.png': {'file_path': 'masked_images/2.png', 'transform_matrix': [[0.9862655849109342, 0.16237474738963367, -0.03024175271029407, -0.01303913007917559], [0.16327187746182842, -0.9861243850385344, 0.03001630149613959, -0.0021374859118495626], [-0.024948241754411, -0.03454167064544823, -0.9990918292975248, 0.014400975050809449], [0.0, 0.0, 0.0, 1.0]], 'mask_path': 'masks/2.png', 'fl_x': 721.0813140869141, 'fl_y': 721.0813140869141, 'cx': 320.0, 'cy': 240.0}, 'masked_images/3.png': {'file_path': 'masked_images/3.png', 'transform_matrix': [[0.9887328076980966, 0.13908370237443266, -0.055346839268501195, -0.02049733836797011], [0.13350900127881307, -0.9865660109425961, -0.09414305990143867, -0.03364368571293948], [-0.06769706861251444, 0.0856930310064312, -0.9940190081513595, 0.013496556068505458], [0.0, 0.0, 0.0, 1.0]], 'mask_path': 'masks/3.png', 'fl_x': 700.8819580078125, 'fl_y': 700.8819580078125, 'cx': 320.0, 'cy': 240.0}, 'masked_images/4.png': {'file_path': 'masked_images/4.png', 'transform_matrix': [[0.995632853758565, 0.08536029891545518, -0.037802725522115964, -0.013174853656893974], [0.08400763470141266, -0.9958135038179996, -0.036033833017291246, -0.015120969141517017], [-0.04072031899313325, 0.032700749893499845, -0.9986354224915238, 0.02996612385935589], [0.0, 0.0, 0.0, 1.0]], 'mask_path': 'masks/4.png', 'fl_x': 664.4353485107422, 'fl_y': 664.4353485107422, 'cx': 320.0, 'cy': 240.0}, 'masked_images/5.png': {'file_path': 'masked_images/5.png', 'transform_matrix': [[0.9997399652960672, 0.022319512586128246, 0.004688361285975416, 0.0], [0.022257852427017083, -0.9996701905892698, 0.012816397354242297, -0.0], [0.004972870126936678, -0.012708710522928383, -0.9999069722586196, -0.0], [0.0, 0.0, 0.0, 1.0]], 'mask_path': 'masks/5.png', 'fl_x': 748.9332580566406, 'fl_y': 748.9332580566406, 'cx': 320.0, 'cy': 240.0}, 'masked_images/6.png': {'file_path': 'masked_images/6.png', 'transform_matrix': [[0.9970857525318253, -0.0757417166804679, -0.009114686759571389, -0.002116713491642795], [-0.07603737179579358, -0.9963692042889233, -0.038297364287634694, -0.008843643781510669], [-0.006180884957447907, 0.038878815743666056, -0.9992247917858101, 0.011626762188056899], [0.0, 0.0, 0.0, 1.0]], 'mask_path': 'masks/6.png', 'fl_x': 690.2096557617188, 'fl_y': 690.2096557617188, 'cx': 320.0, 'cy': 240.0}, 'masked_images/7.png': {'file_path': 'masked_images/7.png', 'transform_matrix': [[0.9871976477912549, -0.1593587296971126, -0.006758071919672707, 0.00022748271613794312], [-0.15564401481580573, -0.9531924035419016, -0.2592281472368064, -0.06760421748474997], [0.03486852102086678, 0.2569612599539855, -0.9657924658490923, 0.003245316174993636], [0.0, 0.0, 0.0, 1.0]], 'mask_path': 'masks/7.png', 'fl_x': 694.6173858642578, 'fl_y': 694.6173858642578, 'cx': 320.0, 'cy': 240.0}, 'masked_images/8.png': {'file_path': 'masked_images/8.png', 'transform_matrix': [[0.9722774568887393, -0.23383037173192775, -0.0003782165317997391, 0.004983483417469056], [-0.21594180141225505, -0.8972731127684977, -0.3850589066130126, -0.09938034893676785], [0.08969908683120004, 0.37446571865159256, -0.9228920921688524, 0.015021933650956859], [0.0, 0.0, 0.0, 1.0]], 'mask_path': 'masks/8.png', 'fl_x': 678.2438659667969, 'fl_y': 678.2438659667969, 'cx': 320.0, 'cy': 240.0}, 'masked_images/9.png': {'file_path': 'masked_images/9.png', 'transform_matrix': [[0.9479320047708172, -0.3168894539462339, -0.031714438469890756, 0.00042393658681484474], [-0.30345332502367883, -0.8685170958104709, -0.3919106955411144, -0.10467790459367203], [0.09664782946866256, 0.38112855510141225, -0.9194563838155935, 0.002911409919671617], [0.0, 0.0, 0.0, 1.0]], 'mask_path': 'masks/9.png', 'fl_x': 731.7008209228516, 'fl_y': 731.7008209228516, 'cx': 320.0, 'cy': 240.0}, 'masked_images/10.png': {'file_path': 'masked_images/10.png', 'transform_matrix': [[-0.8241887510623956, 0.04825087930487914, -0.564256326908237, 0.96073083342532], [-0.36377879340235364, 0.7185079726473665, 0.5927998754762377, -0.24357974219823883], [0.4340257915909379, 0.6938432124651522, -0.5746335235465195, 0.29672757252924364], [0.0, 0.0, 0.0, 1.0]], 'mask_path': 'masks/10.png', 'fl_x': 699.2343139648438, 'fl_y': 699.2343139648438, 'cx': 320.0, 'cy': 240.0}, 'masked_images/11.png': {'file_path': 'masked_images/11.png', 'transform_matrix': [[-0.8142240465520525, 0.08300348170521288, -0.5745869268358849, 0.9584907932643781], [-0.332433694960748, 0.7447405781379413, 0.5786620140285622, -0.25080911609115997], [0.47594915171212876, 0.6621723573458319, -0.5787925060980351, 0.2970244314292074], [0.0, 0.0, 0.0, 1.0]], 'mask_path': 'masks/11.png', 'fl_x': 690.3176116943359, 'fl_y': 690.3176116943359, 'cx': 320.0, 'cy': 240.0}, 'masked_images/12.png': {'file_path': 'masked_images/12.png', 'transform_matrix': [[-0.8149170903333323, 0.13120106324476793, -0.5645324837005986, 0.9588598388186886], [-0.28587297058322353, 0.7563182460079959, 0.5884384644175021, -0.2502177174747232], [0.5041699804235679, 0.6409128770384316, -0.578829760723223, 0.29571739857856133], [0.0, 0.0, 0.0, 1.0]], 'mask_path': 'masks/12.png', 'fl_x': 686.2505340576172, 'fl_y': 686.2505340576172, 'cx': 320.0, 'cy': 240.0}, 'masked_images/13.png': {'file_path': 'masked_images/13.png', 'transform_matrix': [[-0.7514553879554354, 0.20091451197753835, -0.628449311094735, 0.933404881138476], [-0.2189295716343619, 0.8226107498048885, 0.5247682693275715, -0.2648110811609884], [0.6224026641888382, 0.5319259064128068, -0.5741690808446278, 0.29140107181191977], [0.0, 0.0, 0.0, 1.0]], 'mask_path': 'masks/13.png', 'fl_x': 735.3734588623047, 'fl_y': 735.3734588623047, 'cx': 320.0, 'cy': 240.0}, 'masked_images/14.png': {'file_path': 'masked_images/14.png', 'transform_matrix': [[-0.9375665026704723, 0.1388465717828179, 0.31888990301199266, 1.1768278026172505], [0.33732256527876986, 0.13958786513903085, 0.9309826879339572, -0.16771565089803103], [0.08475052579600957, 0.9804269934531264, -0.1777091109728454, 0.39872662011670384], [0.0, 0.0, 0.0, 1.0]], 'mask_path': 'masks/14.png', 'fl_x': 729.5797729492188, 'fl_y': 729.5797729492188, 'cx': 320.0, 'cy': 240.0}, 'masked_images/15.png': {'file_path': 'masked_images/15.png', 'transform_matrix': [[-0.8635144645893726, 0.14918289724715464, -0.48175414991017607, 0.97157397401502], [-0.13099611710231215, 0.8561123122501081, 0.49991149136114604, -0.27262286451454], [0.48701402880238776, 0.49478869522383456, -0.7197231844817827, 0.25699847486103067], [0.0, 0.0, 0.0, 1.0]], 'mask_path': 'masks/15.png', 'fl_x': 732.8153228759766, 'fl_y': 732.8153228759766, 'cx': 320.0, 'cy': 240.0}, 'masked_images/16.png': {'file_path': 'masked_images/16.png', 'transform_matrix': [[-0.8467968409491959, 0.26583386157600597, -0.4607253137792465, 0.9753552412389275], [-0.10026261161575123, 0.7708639006382506, 0.6290599992104774, -0.24039528970006596], [0.5223819444546869, 0.5788794436111824, -0.6261118919540263, 0.2761503024872974], [0.0, 0.0, 0.0, 1.0]], 'mask_path': 'masks/16.png', 'fl_x': 684.2955017089844, 'fl_y': 684.2955017089844, 'cx': 320.0, 'cy': 240.0}, 'masked_images/17.png': {'file_path': 'masked_images/17.png', 'transform_matrix': [[-0.8636853984299454, 0.3685031715145461, 0.34387959070228125, 1.1716144095914918], [0.38771582227016876, 0.049785529472715064, 0.9204336922290927, -0.1750646089327565], [0.3220624464104985, 0.9282926303790928, -0.1858736521851925, 0.39176433500957425], [0.0, 0.0, 0.0, 1.0]], 'mask_path': 'masks/17.png', 'fl_x': 738.4030151367188, 'fl_y': 738.4030151367188, 'cx': 320.0, 'cy': 240.0}, 'masked_images/18.png': {'file_path': 'masked_images/18.png', 'transform_matrix': [[-0.6828511860114782, 0.3586616259674375, -0.6364561487782878, 0.9260582021384036], [-0.007556651872209526, 0.8676780392762222, 0.4970695144380106, -0.2830362134535236], [0.7305187023751792, 0.3442338197901652, -0.5897846792585351, 0.2894811910990349], [0.0, 0.0, 0.0, 1.0]], 'mask_path': 'masks/18.png', 'fl_x': 691.33056640625, 'fl_y': 691.33056640625, 'cx': 320.0, 'cy': 240.0}, 'masked_images/19.png': {'file_path': 'masked_images/19.png', 'transform_matrix': [[-0.654030783170523, 0.39292593203801107, -0.6464156800747348, 0.9202643466679158], [0.06575697359199571, 0.8808139383434817, 0.46887418464605896, -0.29184110731152724], [0.753604681083562, 0.26415163977341305, -0.6019170644215236, 0.2879593227867292], [0.0, 0.0, 0.0, 1.0]], 'mask_path': 'masks/19.png', 'fl_x': 708.0857849121094, 'fl_y': 708.0857849121094, 'cx': 320.0, 'cy': 240.0}, 'masked_images/20.png': {'file_path': 'masked_images/20.png', 'transform_matrix': [[0.8507742962480148, -0.5251158348858134, 0.02090269065512496, 1.0480198247707815], [0.1967210450702704, 0.35509912913074776, 0.9138959105533238, -0.16419226001612613], [-0.48732378018894995, -0.7734070671116764, 0.4054103824189625, 0.6106267616235941], [0.0, 0.0, 0.0, 1.0]], 'mask_path': 'masks/20.png', 'fl_x': 709.7544097900391, 'fl_y': 709.7544097900391, 'cx': 320.0, 'cy': 240.0}, 'masked_images/21.png': {'file_path': 'masked_images/21.png', 'transform_matrix': [[0.6947832739235601, -0.6286416665401323, 0.349408226305242, 1.144861452379524], [-0.16770017760649913, 0.33082502089762855, 0.9286720694095524, -0.13504677959131822], [-0.6993948046130289, -0.7038216461750544, 0.12442823247273732, 0.5479055333049887], [0.0, 0.0, 0.0, 1.0]], 'mask_path': 'masks/21.png', 'fl_x': 704.8287200927734, 'fl_y': 704.8287200927734, 'cx': 320.0, 'cy': 240.0}, 'masked_images/22.png': {'file_path': 'masked_images/22.png', 'transform_matrix': [[0.7317236662880044, -0.6806123801823053, 0.03670883616012452, 1.0602383076672233], [0.21533677451026295, 0.28193467670949346, 0.9349562615620994, -0.14367436902993908], [-0.6466922790682226, -0.6762248242470439, 0.3528589894515189, 0.6095659692368816], [0.0, 0.0, 0.0, 1.0]], 'mask_path': 'masks/22.png', 'fl_x': 691.6184234619141, 'fl_y': 691.6184234619141, 'cx': 320.0, 'cy': 240.0}, 'masked_images/23.png': {'file_path': 'masked_images/23.png', 'transform_matrix': [[0.6453312487848597, -0.7458980520367182, 0.16487583467705558, 1.1013706240493875], [0.020811199173739376, 0.23291998342647427, 0.9722733932772029, -0.12222291929889177], [-0.7636196224050674, -0.6240070612082118, 0.16583343752498877, 0.5626020919721871], [0.0, 0.0, 0.0, 1.0]], 'mask_path': 'masks/23.png', 'fl_x': 680.0547790527344, 'fl_y': 680.0547790527344, 'cx': 320.0, 'cy': 240.0}, 'masked_images/24.png': {'file_path': 'masked_images/24.png', 'transform_matrix': [[0.46087577024964205, -0.7796628456037787, 0.42393324416169914, 1.1901063637624396], [-0.2356608815157408, 0.3530239239135205, 0.9054491170968976, -0.11676400084322291], [-0.8556035793606155, -0.5172040856976249, -0.021035974857191136, 0.5071107679578364], [0.0, 0.0, 0.0, 1.0]], 'mask_path': 'masks/24.png', 'fl_x': 797.6721954345703, 'fl_y': 797.6721954345703, 'cx': 320.0, 'cy': 240.0}, 'masked_images/25.png': {'file_path': 'masked_images/25.png', 'transform_matrix': [[0.3845548206556132, -0.8262129945170967, 0.4116918760430085, 1.1922077747149695], [-0.20759672949077895, 0.35715768074202087, 0.9106824246189286, -0.11389037823315407], [-0.8994563796318408, -0.4356731218225918, -0.03417251695473969, 0.5050023273109686], [0.0, 0.0, 0.0, 1.0]], 'mask_path': 'masks/25.png', 'fl_x': 764.9922943115234, 'fl_y': 764.9922943115234, 'cx': 320.0, 'cy': 240.0}, 'masked_images/26.png': {'file_path': 'masked_images/26.png', 'transform_matrix': [[0.308221681623891, -0.8682250355558502, 0.3888251150906346, 1.179230274961692], [-0.10710205371859238, 0.37445578253904355, 0.9210386940371231, -0.14110401720796545], [-0.9452665579849756, -0.3255280602661366, 0.02242659197341158, 0.5206825076728797], [0.0, 0.0, 0.0, 1.0]], 'mask_path': 'masks/26.png', 'fl_x': 684.0890502929688, 'fl_y': 684.0890502929688, 'cx': 320.0, 'cy': 240.0}, 'masked_images/27.png': {'file_path': 'masked_images/27.png', 'transform_matrix': [[0.1587754497627061, -0.8944033990336926, 0.41813067126942133, 1.201988935470581], [-0.15157012805083026, 0.39640172860755235, 0.9054791686092482, -0.12750248610973358], [-0.9756112374662059, -0.2071439777171002, -0.07262607967749608, 0.49195432662963867], [0.0, 0.0, 0.0, 1.0]], 'mask_path': 'masks/27.png', 'fl_x': 729.1057586669922, 'fl_y': 729.1057586669922, 'cx': 320.0, 'cy': 240.0}, 'masked_images/28.png': {'file_path': 'masked_images/28.png', 'transform_matrix': [[0.07656837706431027, -0.9189765219369989, 0.3868071735923261, 1.199212075880168], [-0.12286312705411498, 0.37629328290025177, 0.9183182666126255, -0.12082992480865966], [-0.9894657248848302, -0.1178384836087914, -0.08409626940110977, 0.48728608181778554], [0.0, 0.0, 0.0, 1.0]], 'mask_path': 'masks/28.png', 'fl_x': 720.9176635742188, 'fl_y': 720.9176635742188, 'cx': 320.0, 'cy': 240.0}, 'masked_images/29.png': {'file_path': 'masked_images/29.png', 'transform_matrix': [[-0.03304837130313056, -0.9413330353860205, 0.33585759052938857, 1.1893788175642193], [-0.0942448727139537, 0.33747897816891426, 0.9366036017364995, -0.11925907651073642], [-0.9950005538757419, -0.0006996483327589136, -0.0998690516269472, 0.48154354466631855], [0.0, 0.0, 0.0, 1.0]], 'mask_path': 'masks/29.png', 'fl_x': 690.3682708740234, 'fl_y': 690.3682708740234, 'cx': 320.0, 'cy': 240.0}}\n"
     ]
    }
   ],
   "source": [
    "all_frames = {}\n",
    "\n",
    "for f in data_1[\"frames\"]:\n",
    "    all_frames[f[\"file_path\"]] = f\n",
    "\n",
    "for f in data_2[\"frames\"]:\n",
    "    transform_f = f.copy()\n",
    "    transform_f[\"transform_matrix\"] = np.dot(corr, transform_f[\"transform_matrix\"]).tolist()\n",
    "    all_frames[f[\"file_path\"]] = transform_f\n",
    "\n",
    "print(all_frames)"
   ]
  },
  {
   "cell_type": "code",
   "execution_count": 12,
   "metadata": {},
   "outputs": [
    {
     "name": "stdout",
     "output_type": "stream",
     "text": [
      "{'camera_model': 'OPENCV', 'frames': [{'file_path': 'masked_images/0.png', 'transform_matrix': [[0.804954879347945, 0.39127038052422497, 0.44604377872431766, 0.10346801014166823], [0.3985746213061731, -0.913462663740458, 0.08200155822916588, -0.004094556099282245], [0.43952911834941294, 0.11177417107492905, -0.8912466559721222, 0.06137701512133444], [0.0, 0.0, 0.0, 1.0]], 'mask_path': 'masks/0.png', 'fl_x': 696.2276458740234, 'fl_y': 696.2276458740234, 'cx': 320.0, 'cy': 240.0}, {'file_path': 'masked_images/1.png', 'transform_matrix': [[0.7933903481791179, 0.39043935740413155, 0.4670000038614324, 0.11214370701638388], [0.3805610579564126, -0.9169281830520767, 0.12006720087397982, 0.006230642941854678], [0.47508442296961667, 0.08246185477558027, -0.8760678814590015, 0.06066276601744281], [0.0, 0.0, 0.0, 1.0]], 'mask_path': 'masks/1.png', 'fl_x': 745.8506011962891, 'fl_y': 745.8506011962891, 'cx': 320.0, 'cy': 240.0}, {'file_path': 'masked_images/2.png', 'transform_matrix': [[0.9862655849109342, 0.16237474738963367, -0.03024175271029407, -0.01303913007917559], [0.16327187746182842, -0.9861243850385344, 0.03001630149613959, -0.0021374859118495626], [-0.024948241754411, -0.03454167064544823, -0.9990918292975248, 0.014400975050809449], [0.0, 0.0, 0.0, 1.0]], 'mask_path': 'masks/2.png', 'fl_x': 721.0813140869141, 'fl_y': 721.0813140869141, 'cx': 320.0, 'cy': 240.0}, {'file_path': 'masked_images/3.png', 'transform_matrix': [[0.9887328076980966, 0.13908370237443266, -0.055346839268501195, -0.02049733836797011], [0.13350900127881307, -0.9865660109425961, -0.09414305990143867, -0.03364368571293948], [-0.06769706861251444, 0.0856930310064312, -0.9940190081513595, 0.013496556068505458], [0.0, 0.0, 0.0, 1.0]], 'mask_path': 'masks/3.png', 'fl_x': 700.8819580078125, 'fl_y': 700.8819580078125, 'cx': 320.0, 'cy': 240.0}, {'file_path': 'masked_images/4.png', 'transform_matrix': [[0.995632853758565, 0.08536029891545518, -0.037802725522115964, -0.013174853656893974], [0.08400763470141266, -0.9958135038179996, -0.036033833017291246, -0.015120969141517017], [-0.04072031899313325, 0.032700749893499845, -0.9986354224915238, 0.02996612385935589], [0.0, 0.0, 0.0, 1.0]], 'mask_path': 'masks/4.png', 'fl_x': 664.4353485107422, 'fl_y': 664.4353485107422, 'cx': 320.0, 'cy': 240.0}, {'file_path': 'masked_images/5.png', 'transform_matrix': [[0.9997399652960672, 0.022319512586128246, 0.004688361285975416, 0.0], [0.022257852427017083, -0.9996701905892698, 0.012816397354242297, -0.0], [0.004972870126936678, -0.012708710522928383, -0.9999069722586196, -0.0], [0.0, 0.0, 0.0, 1.0]], 'mask_path': 'masks/5.png', 'fl_x': 748.9332580566406, 'fl_y': 748.9332580566406, 'cx': 320.0, 'cy': 240.0}, {'file_path': 'masked_images/6.png', 'transform_matrix': [[0.9970857525318253, -0.0757417166804679, -0.009114686759571389, -0.002116713491642795], [-0.07603737179579358, -0.9963692042889233, -0.038297364287634694, -0.008843643781510669], [-0.006180884957447907, 0.038878815743666056, -0.9992247917858101, 0.011626762188056899], [0.0, 0.0, 0.0, 1.0]], 'mask_path': 'masks/6.png', 'fl_x': 690.2096557617188, 'fl_y': 690.2096557617188, 'cx': 320.0, 'cy': 240.0}, {'file_path': 'masked_images/7.png', 'transform_matrix': [[0.9871976477912549, -0.1593587296971126, -0.006758071919672707, 0.00022748271613794312], [-0.15564401481580573, -0.9531924035419016, -0.2592281472368064, -0.06760421748474997], [0.03486852102086678, 0.2569612599539855, -0.9657924658490923, 0.003245316174993636], [0.0, 0.0, 0.0, 1.0]], 'mask_path': 'masks/7.png', 'fl_x': 694.6173858642578, 'fl_y': 694.6173858642578, 'cx': 320.0, 'cy': 240.0}, {'file_path': 'masked_images/8.png', 'transform_matrix': [[0.9722774568887393, -0.23383037173192775, -0.0003782165317997391, 0.004983483417469056], [-0.21594180141225505, -0.8972731127684977, -0.3850589066130126, -0.09938034893676785], [0.08969908683120004, 0.37446571865159256, -0.9228920921688524, 0.015021933650956859], [0.0, 0.0, 0.0, 1.0]], 'mask_path': 'masks/8.png', 'fl_x': 678.2438659667969, 'fl_y': 678.2438659667969, 'cx': 320.0, 'cy': 240.0}, {'file_path': 'masked_images/9.png', 'transform_matrix': [[0.9479320047708172, -0.3168894539462339, -0.031714438469890756, 0.00042393658681484474], [-0.30345332502367883, -0.8685170958104709, -0.3919106955411144, -0.10467790459367203], [0.09664782946866256, 0.38112855510141225, -0.9194563838155935, 0.002911409919671617], [0.0, 0.0, 0.0, 1.0]], 'mask_path': 'masks/9.png', 'fl_x': 731.7008209228516, 'fl_y': 731.7008209228516, 'cx': 320.0, 'cy': 240.0}, {'file_path': 'masked_images/10.png', 'transform_matrix': [[-0.8241887510623956, 0.04825087930487914, -0.564256326908237, 0.96073083342532], [-0.36377879340235364, 0.7185079726473665, 0.5927998754762377, -0.24357974219823883], [0.4340257915909379, 0.6938432124651522, -0.5746335235465195, 0.29672757252924364], [0.0, 0.0, 0.0, 1.0]], 'mask_path': 'masks/10.png', 'fl_x': 699.2343139648438, 'fl_y': 699.2343139648438, 'cx': 320.0, 'cy': 240.0}, {'file_path': 'masked_images/11.png', 'transform_matrix': [[-0.8142240465520525, 0.08300348170521288, -0.5745869268358849, 0.9584907932643781], [-0.332433694960748, 0.7447405781379413, 0.5786620140285622, -0.25080911609115997], [0.47594915171212876, 0.6621723573458319, -0.5787925060980351, 0.2970244314292074], [0.0, 0.0, 0.0, 1.0]], 'mask_path': 'masks/11.png', 'fl_x': 690.3176116943359, 'fl_y': 690.3176116943359, 'cx': 320.0, 'cy': 240.0}, {'file_path': 'masked_images/12.png', 'transform_matrix': [[-0.8149170903333323, 0.13120106324476793, -0.5645324837005986, 0.9588598388186886], [-0.28587297058322353, 0.7563182460079959, 0.5884384644175021, -0.2502177174747232], [0.5041699804235679, 0.6409128770384316, -0.578829760723223, 0.29571739857856133], [0.0, 0.0, 0.0, 1.0]], 'mask_path': 'masks/12.png', 'fl_x': 686.2505340576172, 'fl_y': 686.2505340576172, 'cx': 320.0, 'cy': 240.0}, {'file_path': 'masked_images/13.png', 'transform_matrix': [[-0.7514553879554354, 0.20091451197753835, -0.628449311094735, 0.933404881138476], [-0.2189295716343619, 0.8226107498048885, 0.5247682693275715, -0.2648110811609884], [0.6224026641888382, 0.5319259064128068, -0.5741690808446278, 0.29140107181191977], [0.0, 0.0, 0.0, 1.0]], 'mask_path': 'masks/13.png', 'fl_x': 735.3734588623047, 'fl_y': 735.3734588623047, 'cx': 320.0, 'cy': 240.0}, {'file_path': 'masked_images/14.png', 'transform_matrix': [[-0.9375665026704723, 0.1388465717828179, 0.31888990301199266, 1.1768278026172505], [0.33732256527876986, 0.13958786513903085, 0.9309826879339572, -0.16771565089803103], [0.08475052579600957, 0.9804269934531264, -0.1777091109728454, 0.39872662011670384], [0.0, 0.0, 0.0, 1.0]], 'mask_path': 'masks/14.png', 'fl_x': 729.5797729492188, 'fl_y': 729.5797729492188, 'cx': 320.0, 'cy': 240.0}, {'file_path': 'masked_images/15.png', 'transform_matrix': [[-0.8635144645893726, 0.14918289724715464, -0.48175414991017607, 0.97157397401502], [-0.13099611710231215, 0.8561123122501081, 0.49991149136114604, -0.27262286451454], [0.48701402880238776, 0.49478869522383456, -0.7197231844817827, 0.25699847486103067], [0.0, 0.0, 0.0, 1.0]], 'mask_path': 'masks/15.png', 'fl_x': 732.8153228759766, 'fl_y': 732.8153228759766, 'cx': 320.0, 'cy': 240.0}, {'file_path': 'masked_images/16.png', 'transform_matrix': [[-0.8467968409491959, 0.26583386157600597, -0.4607253137792465, 0.9753552412389275], [-0.10026261161575123, 0.7708639006382506, 0.6290599992104774, -0.24039528970006596], [0.5223819444546869, 0.5788794436111824, -0.6261118919540263, 0.2761503024872974], [0.0, 0.0, 0.0, 1.0]], 'mask_path': 'masks/16.png', 'fl_x': 684.2955017089844, 'fl_y': 684.2955017089844, 'cx': 320.0, 'cy': 240.0}, {'file_path': 'masked_images/17.png', 'transform_matrix': [[-0.8636853984299454, 0.3685031715145461, 0.34387959070228125, 1.1716144095914918], [0.38771582227016876, 0.049785529472715064, 0.9204336922290927, -0.1750646089327565], [0.3220624464104985, 0.9282926303790928, -0.1858736521851925, 0.39176433500957425], [0.0, 0.0, 0.0, 1.0]], 'mask_path': 'masks/17.png', 'fl_x': 738.4030151367188, 'fl_y': 738.4030151367188, 'cx': 320.0, 'cy': 240.0}, {'file_path': 'masked_images/18.png', 'transform_matrix': [[-0.6828511860114782, 0.3586616259674375, -0.6364561487782878, 0.9260582021384036], [-0.007556651872209526, 0.8676780392762222, 0.4970695144380106, -0.2830362134535236], [0.7305187023751792, 0.3442338197901652, -0.5897846792585351, 0.2894811910990349], [0.0, 0.0, 0.0, 1.0]], 'mask_path': 'masks/18.png', 'fl_x': 691.33056640625, 'fl_y': 691.33056640625, 'cx': 320.0, 'cy': 240.0}, {'file_path': 'masked_images/19.png', 'transform_matrix': [[-0.654030783170523, 0.39292593203801107, -0.6464156800747348, 0.9202643466679158], [0.06575697359199571, 0.8808139383434817, 0.46887418464605896, -0.29184110731152724], [0.753604681083562, 0.26415163977341305, -0.6019170644215236, 0.2879593227867292], [0.0, 0.0, 0.0, 1.0]], 'mask_path': 'masks/19.png', 'fl_x': 708.0857849121094, 'fl_y': 708.0857849121094, 'cx': 320.0, 'cy': 240.0}, {'file_path': 'masked_images/20.png', 'transform_matrix': [[0.8507742962480148, -0.5251158348858134, 0.02090269065512496, 1.0480198247707815], [0.1967210450702704, 0.35509912913074776, 0.9138959105533238, -0.16419226001612613], [-0.48732378018894995, -0.7734070671116764, 0.4054103824189625, 0.6106267616235941], [0.0, 0.0, 0.0, 1.0]], 'mask_path': 'masks/20.png', 'fl_x': 709.7544097900391, 'fl_y': 709.7544097900391, 'cx': 320.0, 'cy': 240.0}, {'file_path': 'masked_images/21.png', 'transform_matrix': [[0.6947832739235601, -0.6286416665401323, 0.349408226305242, 1.144861452379524], [-0.16770017760649913, 0.33082502089762855, 0.9286720694095524, -0.13504677959131822], [-0.6993948046130289, -0.7038216461750544, 0.12442823247273732, 0.5479055333049887], [0.0, 0.0, 0.0, 1.0]], 'mask_path': 'masks/21.png', 'fl_x': 704.8287200927734, 'fl_y': 704.8287200927734, 'cx': 320.0, 'cy': 240.0}, {'file_path': 'masked_images/22.png', 'transform_matrix': [[0.7317236662880044, -0.6806123801823053, 0.03670883616012452, 1.0602383076672233], [0.21533677451026295, 0.28193467670949346, 0.9349562615620994, -0.14367436902993908], [-0.6466922790682226, -0.6762248242470439, 0.3528589894515189, 0.6095659692368816], [0.0, 0.0, 0.0, 1.0]], 'mask_path': 'masks/22.png', 'fl_x': 691.6184234619141, 'fl_y': 691.6184234619141, 'cx': 320.0, 'cy': 240.0}, {'file_path': 'masked_images/23.png', 'transform_matrix': [[0.6453312487848597, -0.7458980520367182, 0.16487583467705558, 1.1013706240493875], [0.020811199173739376, 0.23291998342647427, 0.9722733932772029, -0.12222291929889177], [-0.7636196224050674, -0.6240070612082118, 0.16583343752498877, 0.5626020919721871], [0.0, 0.0, 0.0, 1.0]], 'mask_path': 'masks/23.png', 'fl_x': 680.0547790527344, 'fl_y': 680.0547790527344, 'cx': 320.0, 'cy': 240.0}, {'file_path': 'masked_images/24.png', 'transform_matrix': [[0.46087577024964205, -0.7796628456037787, 0.42393324416169914, 1.1901063637624396], [-0.2356608815157408, 0.3530239239135205, 0.9054491170968976, -0.11676400084322291], [-0.8556035793606155, -0.5172040856976249, -0.021035974857191136, 0.5071107679578364], [0.0, 0.0, 0.0, 1.0]], 'mask_path': 'masks/24.png', 'fl_x': 797.6721954345703, 'fl_y': 797.6721954345703, 'cx': 320.0, 'cy': 240.0}, {'file_path': 'masked_images/25.png', 'transform_matrix': [[0.3845548206556132, -0.8262129945170967, 0.4116918760430085, 1.1922077747149695], [-0.20759672949077895, 0.35715768074202087, 0.9106824246189286, -0.11389037823315407], [-0.8994563796318408, -0.4356731218225918, -0.03417251695473969, 0.5050023273109686], [0.0, 0.0, 0.0, 1.0]], 'mask_path': 'masks/25.png', 'fl_x': 764.9922943115234, 'fl_y': 764.9922943115234, 'cx': 320.0, 'cy': 240.0}, {'file_path': 'masked_images/26.png', 'transform_matrix': [[0.308221681623891, -0.8682250355558502, 0.3888251150906346, 1.179230274961692], [-0.10710205371859238, 0.37445578253904355, 0.9210386940371231, -0.14110401720796545], [-0.9452665579849756, -0.3255280602661366, 0.02242659197341158, 0.5206825076728797], [0.0, 0.0, 0.0, 1.0]], 'mask_path': 'masks/26.png', 'fl_x': 684.0890502929688, 'fl_y': 684.0890502929688, 'cx': 320.0, 'cy': 240.0}, {'file_path': 'masked_images/27.png', 'transform_matrix': [[0.1587754497627061, -0.8944033990336926, 0.41813067126942133, 1.201988935470581], [-0.15157012805083026, 0.39640172860755235, 0.9054791686092482, -0.12750248610973358], [-0.9756112374662059, -0.2071439777171002, -0.07262607967749608, 0.49195432662963867], [0.0, 0.0, 0.0, 1.0]], 'mask_path': 'masks/27.png', 'fl_x': 729.1057586669922, 'fl_y': 729.1057586669922, 'cx': 320.0, 'cy': 240.0}, {'file_path': 'masked_images/28.png', 'transform_matrix': [[0.07656837706431027, -0.9189765219369989, 0.3868071735923261, 1.199212075880168], [-0.12286312705411498, 0.37629328290025177, 0.9183182666126255, -0.12082992480865966], [-0.9894657248848302, -0.1178384836087914, -0.08409626940110977, 0.48728608181778554], [0.0, 0.0, 0.0, 1.0]], 'mask_path': 'masks/28.png', 'fl_x': 720.9176635742188, 'fl_y': 720.9176635742188, 'cx': 320.0, 'cy': 240.0}, {'file_path': 'masked_images/29.png', 'transform_matrix': [[-0.03304837130313056, -0.9413330353860205, 0.33585759052938857, 1.1893788175642193], [-0.0942448727139537, 0.33747897816891426, 0.9366036017364995, -0.11925907651073642], [-0.9950005538757419, -0.0006996483327589136, -0.0998690516269472, 0.48154354466631855], [0.0, 0.0, 0.0, 1.0]], 'mask_path': 'masks/29.png', 'fl_x': 690.3682708740234, 'fl_y': 690.3682708740234, 'cx': 320.0, 'cy': 240.0}], 'w': 640, 'h': 480}\n"
     ]
    }
   ],
   "source": [
    "#Write out transforms\n",
    "\n",
    "transforms = data_1.copy()\n",
    "transforms[\"frames\"] = list(all_frames.values())\n",
    "print(transforms)\n",
    "\n",
    "with open(os.path.join(DATA_PATH, \"transforms.json\"), \"w\") as f:\n",
    "    json.dump(transforms, f, indent=4)"
   ]
  }
 ],
 "metadata": {
  "kernelspec": {
   "display_name": "Python 3",
   "language": "python",
   "name": "python3"
  },
  "language_info": {
   "codemirror_mode": {
    "name": "ipython",
    "version": 3
   },
   "file_extension": ".py",
   "mimetype": "text/x-python",
   "name": "python",
   "nbconvert_exporter": "python",
   "pygments_lexer": "ipython3",
   "version": "3.10.12"
  }
 },
 "nbformat": 4,
 "nbformat_minor": 2
}
