{
 "cells": [
  {
   "cell_type": "code",
   "execution_count": 109,
   "metadata": {},
   "outputs": [
    {
     "name": "stdout",
     "output_type": "stream",
     "text": [
      "/dust3r\n"
     ]
    }
   ],
   "source": [
    "import os\n",
    "os.chdir(\"/dust3r\")\n",
    "print(os.getcwd())"
   ]
  },
  {
   "cell_type": "code",
   "execution_count": 110,
   "metadata": {},
   "outputs": [],
   "source": [
    "import json\n",
    "import roma\n",
    "import torch\n",
    "import numpy as np\n",
    "from scipy.spatial.transform import Rotation \n",
    "\n",
    "FILE_1 = \"/dust3r/masked_dust3r/data/jackal_training_data_0/transforms_1.json\"\n",
    "FILE_2 = \"/dust3r/masked_dust3r/data/jackal_training_data_0/transforms_2.json\"\n",
    "\n",
    "with open(FILE_1, \"r\") as f:\n",
    "    data_1 = json.load(f)\n",
    "with open(FILE_2, \"r\") as f:\n",
    "    data_2 = json.load(f)"
   ]
  },
  {
   "cell_type": "code",
   "execution_count": 111,
   "metadata": {},
   "outputs": [
    {
     "name": "stdout",
     "output_type": "stream",
     "text": [
      "[(20, 0), (21, 1), (22, 2), (23, 3), (24, 4), (25, 5), (26, 6), (27, 7), (28, 8), (29, 9)]\n",
      "[[-0.35816464  0.90679932  0.22233546  0.10347023]\n",
      " [-0.90166324 -0.39774653  0.16970874 -0.12124808]\n",
      " [ 0.24232499 -0.13968807  0.96008641  0.00747052]\n",
      " [ 0.          0.          0.          1.        ]]\n"
     ]
    }
   ],
   "source": [
    "file_path_1 = [f[\"file_path\"] for f in data_1[\"frames\"]]\n",
    "file_path_2 = [f[\"file_path\"] for f in data_2[\"frames\"]]\n",
    "\n",
    "# Find matching keys in data_1 and data_2\n",
    "matching_keys = []\n",
    "for i, f_1 in enumerate(file_path_1):\n",
    "    for j, f_2 in enumerate(file_path_2):\n",
    "        if f_1 == f_2:\n",
    "            matching_keys.append((i, j))\n",
    "            break\n",
    "print(matching_keys)\n",
    "\n",
    "X = []\n",
    "Y = []\n",
    "\n",
    "for (i,j) in matching_keys:\n",
    "    X.append(data_1[\"frames\"][i][\"transform_matrix\"])\n",
    "    Y.append(data_2[\"frames\"][j][\"transform_matrix\"])\n",
    "\n",
    "X = torch.tensor(X)\n",
    "Y = torch.tensor(Y)\n",
    "\n",
    "X = X[:,:3,3]\n",
    "Y = Y[:,:3,3]\n",
    "\n",
    "X = X.unsqueeze(0)\n",
    "Y = Y.unsqueeze(0)\n",
    "\n",
    "(R,t,s) = roma.rigid_points_registration(Y,X,compute_scaling=True)\n",
    "\n",
    "corr = torch.tensor(np.zeros((4,4)))\n",
    "corr[:3,:3] = R[0]\n",
    "corr[:3,3] = t[0]/s[0]\n",
    "corr[3,3] = 1\n",
    "corr = corr.numpy()\n",
    "\n",
    "print(corr)"
   ]
  },
  {
   "cell_type": "code",
   "execution_count": 114,
   "metadata": {},
   "outputs": [
    {
     "name": "stdout",
     "output_type": "stream",
     "text": [
      "{'masked_images/0.png': {'file_path': 'masked_images/0.png', 'transform_matrix': [[0.5832669138908386, -0.6942539215087891, 0.42167627811431885, 0.15659742057323456], [-0.7428847551345825, -0.6658796072006226, -0.06874813884496689, -0.11959019303321838], [0.32851433753967285, -0.27315840125083923, -0.9041363000869751, 0.028364472091197968], [0.0, 0.0, 0.0, 1.0]], 'mask_path': 'masks/0.png', 'fl_x': 1204.841537475586, 'fl_y': 1204.841537475586, 'cx': 640.0, 'cy': 360.0}, 'masked_images/1.png': {'file_path': 'masked_images/1.png', 'transform_matrix': [[0.5058984756469727, -0.7568375468254089, 0.4138403534889221, 0.1549302637577057], [-0.7972010970115662, -0.5934606194496155, -0.11079257726669312, -0.13495416939258575], [0.3294498920440674, -0.27386417984962463, -0.9035824537277222, 0.02838529460132122], [0.0, 0.0, 0.0, 1.0]], 'mask_path': 'masks/1.png', 'fl_x': 1244.28466796875, 'fl_y': 1244.28466796875, 'cx': 640.0, 'cy': 360.0}, 'masked_images/2.png': {'file_path': 'masked_images/2.png', 'transform_matrix': [[0.4189991354942322, -0.8148525357246399, 0.4005682170391083, 0.1532064825296402], [-0.8459282517433167, -0.510617196559906, -0.15386758744716644, -0.15032170712947845], [0.32991644740104675, -0.2743816077709198, -0.9032549858093262, 0.028405863791704178], [0.0, 0.0, 0.0, 1.0]], 'mask_path': 'masks/2.png', 'fl_x': 1233.8517761230469, 'fl_y': 1233.8517761230469, 'cx': 640.0, 'cy': 360.0}, 'masked_images/3.png': {'file_path': 'masked_images/3.png', 'transform_matrix': [[0.3305226266384125, -0.8623859882354736, 0.3834645748138428, 0.14909398555755615], [-0.8840283155441284, -0.4251759350299835, -0.19421464204788208, -0.16566534340381622], [0.3305279016494751, -0.27480122447013855, -0.9029039144515991, 0.02842746116220951], [0.0, 0.0, 0.0, 1.0]], 'mask_path': 'masks/3.png', 'fl_x': 1275.6689453125, 'fl_y': 1275.6689453125, 'cx': 640.0, 'cy': 360.0}, 'masked_images/4.png': {'file_path': 'masked_images/4.png', 'transform_matrix': [[0.2327294945716858, -0.9031016826629639, 0.3608936667442322, 0.1438334584236145], [-0.9144589900970459, -0.3295256495475769, -0.23489905893802643, -0.18100856244564056], [0.3310614824295044, -0.2753544747829437, -0.9025397896766663, 0.028566809371113777], [0.0, 0.0, 0.0, 1.0]], 'mask_path': 'masks/4.png', 'fl_x': 1266.2982177734375, 'fl_y': 1266.2982177734375, 'cx': 640.0, 'cy': 360.0}, 'masked_images/5.png': {'file_path': 'masked_images/5.png', 'transform_matrix': [[0.12495914101600647, -0.9354549646377563, 0.33061984181404114, 0.1361321210861206], [-0.935523271560669, -0.22206982970237732, -0.2747388780117035, -0.19592082500457764], [0.33042648434638977, -0.2749713957309723, -0.9028893709182739, 0.029320431873202324], [0.0, 0.0, 0.0, 1.0]], 'mask_path': 'masks/5.png', 'fl_x': 1233.5517120361328, 'fl_y': 1233.5517120361328, 'cx': 640.0, 'cy': 360.0}, 'masked_images/6.png': {'file_path': 'masked_images/6.png', 'transform_matrix': [[0.008529245853424072, -0.955919623374939, 0.29350465536117554, 0.12523962557315826], [-0.9440010786056519, -0.10451161861419678, -0.3129526972770691, -0.2105196714401245], [0.3298322558403015, -0.27439945936203003, -0.90328049659729, 0.030198900029063225], [0.0, 0.0, 0.0, 1.0]], 'mask_path': 'masks/6.png', 'fl_x': 1235.8301544189453, 'fl_y': 1235.8301544189453, 'cx': 640.0, 'cy': 360.0}, 'masked_images/7.png': {'file_path': 'masked_images/7.png', 'transform_matrix': [[-0.11831921339035034, -0.961536169052124, 0.24788916110992432, 0.1108657643198967], [-0.9368643760681152, 0.02536800503730774, -0.3487721085548401, -0.2246711254119873], [0.32906848192214966, -0.27350491285324097, -0.903830349445343, 0.03129062056541443], [0.0, 0.0, 0.0, 1.0]], 'mask_path': 'masks/7.png', 'fl_x': 1255.0749969482422, 'fl_y': 1255.0749969482422, 'cx': 640.0, 'cy': 360.0}, 'masked_images/8.png': {'file_path': 'masked_images/8.png', 'transform_matrix': [[-0.2603103220462799, -0.9466331601142883, 0.19006314873695374, 0.09500598162412643], [-0.9083190560340881, 0.17334476113319397, -0.3806678056716919, -0.2387557476758957], [0.3274063766002655, -0.2717297673225403, -0.9049685001373291, 0.03252887353301048], [0.0, 0.0, 0.0, 1.0]], 'mask_path': 'masks/8.png', 'fl_x': 1153.1349182128906, 'fl_y': 1153.1349182128906, 'cx': 640.0, 'cy': 360.0}, 'masked_images/9.png': {'file_path': 'masked_images/9.png', 'transform_matrix': [[-0.4151042401790619, -0.9020241498947144, 0.11849352717399597, 0.075747549533844], [-0.849592924118042, 0.3377595841884613, -0.4051050543785095, -0.2523817718029022], [0.3253922462463379, -0.26883214712142944, -0.9065588712692261, 0.03377566486597061], [0.0, 0.0, 0.0, 1.0]], 'mask_path': 'masks/9.png', 'fl_x': 1013.5440063476562, 'fl_y': 1013.5440063476562, 'cx': 640.0, 'cy': 360.0}, 'masked_images/10.png': {'file_path': 'masked_images/10.png', 'transform_matrix': [[-0.6381135582923889, -0.7699189186096191, -0.00601707398891449, 0.03225425258278847], [-0.6991405487060547, 0.5826900601387024, -0.41433683037757874, -0.26106536388397217], [0.32251179218292236, -0.2601871192455292, -0.9101038575172424, 0.034994885325431824], [0.0, 0.0, 0.0, 1.0]], 'mask_path': 'masks/10.png', 'fl_x': 1082.1630859375, 'fl_y': 1082.1630859375, 'cx': 640.0, 'cy': 360.0}, 'masked_images/11.png': {'file_path': 'masked_images/11.png', 'transform_matrix': [[-0.8280390501022339, -0.5435538291931152, -0.13748019933700562, -0.015073472633957863], [-0.46460962295532227, 0.8024731874465942, -0.374399334192276, -0.2510494887828827], [0.31383031606674194, -0.24614259600639343, -0.9170193672180176, 0.0361747220158577], [0.0, 0.0, 0.0, 1.0]], 'mask_path': 'masks/11.png', 'fl_x': 1209.9378967285156, 'fl_y': 1209.9378967285156, 'cx': 640.0, 'cy': 360.0}, 'masked_images/12.png': {'file_path': 'masked_images/12.png', 'transform_matrix': [[0.17366376519203186, 0.970210611820221, -0.16891424357891083, -0.06244555115699768], [0.9529370665550232, -0.12227347493171692, 0.2774166464805603, -0.046690184623003006], [0.24849887192249298, -0.20914188027381897, -0.9457842111587524, 0.03733774647116661], [0.0, 0.0, 0.0, 1.0]], 'mask_path': 'masks/12.png', 'fl_x': 1268.4024810791016, 'fl_y': 1268.4024810791016, 'cx': 640.0, 'cy': 360.0}, 'masked_images/13.png': {'file_path': 'masked_images/13.png', 'transform_matrix': [[0.3488489091396332, 0.9297997951507568, -0.1173747256398201, -0.04995495080947876], [0.9027057886123657, -0.2997148931026459, 0.30869603157043457, -0.03236457332968712], [0.2518465518951416, -0.2136431336402893, -0.9438908696174622, 0.03800030052661896], [0.0, 0.0, 0.0, 1.0]], 'mask_path': 'masks/13.png', 'fl_x': 1197.020263671875, 'fl_y': 1197.020263671875, 'cx': 640.0, 'cy': 360.0}, 'masked_images/14.png': {'file_path': 'masked_images/14.png', 'transform_matrix': [[0.49597811698913574, 0.8659372925758362, -0.0644841194152832, -0.03745817020535469], [0.830827534198761, -0.4516541063785553, 0.3251677453517914, -0.021963734179735184], [0.2524503767490387, -0.2148512899875641, -0.9434551000595093, 0.03866272419691086], [0.0, 0.0, 0.0, 1.0]], 'mask_path': 'masks/14.png', 'fl_x': 1058.8908386230469, 'fl_y': 1058.8908386230469, 'cx': 640.0, 'cy': 360.0}, 'masked_images/15.png': {'file_path': 'masked_images/15.png', 'transform_matrix': [[0.5879737138748169, 0.808385968208313, -0.028265781700611115, -0.02496093139052391], [0.7680331468582153, -0.5469771027565002, 0.3330780863761902, -0.014665982685983181], [0.25379493832588196, -0.21755021810531616, -0.942475438117981, 0.033785752952098846], [0.0, 0.0, 0.0, 1.0]], 'mask_path': 'masks/15.png', 'fl_x': 1134.6770477294922, 'fl_y': 1134.6770477294922, 'cx': 640.0, 'cy': 360.0}, 'masked_images/16.png': {'file_path': 'masked_images/16.png', 'transform_matrix': [[0.6750794649124146, 0.7376589179039001, 0.011264055967330933, -0.012478603050112724], [0.6927234530448914, -0.6390604376792908, 0.33426913619041443, -0.007353389635682106], [0.253775030374527, -0.21785537898540497, -0.9424102306365967, 0.027066556736826897], [0.0, 0.0, 0.0, 1.0]], 'mask_path': 'masks/16.png', 'fl_x': 1102.246322631836, 'fl_y': 1102.246322631836, 'cx': 640.0, 'cy': 360.0}, 'masked_images/17.png': {'file_path': 'masked_images/17.png', 'transform_matrix': [[0.7254279851913452, 0.6873505711555481, 0.0361015722155571, 0.0], [0.640292227268219, -0.6931486129760742, 0.3310146927833557, 0.0], [0.25254690647125244, -0.21701179444789886, -0.9429346919059753, 0.0], [0.0, 0.0, 0.0, 1.0]], 'mask_path': 'masks/17.png', 'fl_x': 1377.4610900878906, 'fl_y': 1377.4610900878906, 'cx': 640.0, 'cy': 360.0}, 'masked_images/18.png': {'file_path': 'masked_images/18.png', 'transform_matrix': [[0.8698667883872986, 0.4750378429889679, 0.1329312026500702, 0.032535944133996964], [0.4144025146961212, -0.8499090075492859, 0.32546138763427734, -0.003376167733222246], [0.2675859034061432, -0.2280210256576538, -0.9361645579338074, 0.025090539827942848], [0.0, 0.0, 0.0, 1.0]], 'mask_path': 'masks/18.png', 'fl_x': 1223.5478210449219, 'fl_y': 1223.5478210449219, 'cx': 640.0, 'cy': 360.0}, 'masked_images/19.png': {'file_path': 'masked_images/19.png', 'transform_matrix': [[0.9415318369865417, 0.25264987349510193, 0.22290393710136414, 0.06505819410085678], [0.18186604976654053, -0.938025951385498, 0.29501253366470337, -0.011615383438766003], [0.2836245000362396, -0.2372249960899353, -0.9291295409202576, 0.029335973784327507], [0.0, 0.0, 0.0, 1.0]], 'mask_path': 'masks/19.png', 'fl_x': 1297.1623229980469, 'fl_y': 1297.1623229980469, 'cx': 640.0, 'cy': 360.0}, 'masked_images/20.png': {'file_path': 'masked_images/20.png', 'transform_matrix': [[0.28901669475490266, -0.9403847641686784, -0.17929260390799318, 0.06758013533303942], [-0.9503999413248372, -0.30433380030357804, 0.06419422989113321, -0.02350052101120631], [-0.11493207972103114, 0.15184653819302607, -0.9816992431383327, 0.022938669972114134], [0.0, 0.0, 0.0, 1.0]], 'mask_path': 'masks/20.png', 'fl_x': 1243.1494903564453, 'fl_y': 1243.1494903564453, 'cx': 640.0, 'cy': 360.0}, 'masked_images/21.png': {'file_path': 'masked_images/21.png', 'transform_matrix': [[0.30174806329019255, -0.9357440907941976, -0.18256867842466162, 0.0693641203007942], [-0.9459771088935882, -0.3176915421239833, 0.06480468800000794, -0.02293129759944329], [-0.11864109867952077, 0.1531511468778679, -0.981055186138639, 0.02343718316483756], [0.0, 0.0, 0.0, 1.0]], 'mask_path': 'masks/21.png', 'fl_x': 1121.4020538330078, 'fl_y': 1121.4020538330078, 'cx': 640.0, 'cy': 360.0}, 'masked_images/22.png': {'file_path': 'masked_images/22.png', 'transform_matrix': [[0.18759857343941633, -0.9699753911032509, -0.1547729036712937, 0.07904815269855314], [-0.9784829187827637, -0.19832446591806296, 0.05690891419959543, -0.028953591713432064], [-0.08589549699260601, 0.14076665537237432, -0.9863097833168701, 0.0231903572314045], [0.0, 0.0, 0.0, 1.0]], 'mask_path': 'masks/22.png', 'fl_x': 1094.7877502441406, 'fl_y': 1094.7877502441406, 'cx': 640.0, 'cy': 360.0}, 'masked_images/23.png': {'file_path': 'masked_images/23.png', 'transform_matrix': [[0.05707385663486342, -0.9905573223865005, -0.12465395376079558, 0.08744194550885087], [-0.9970743636939192, -0.06291229557724598, 0.04341202199903593, -0.03757562821342714], [-0.05084434393437132, 0.12181162294075687, -0.9912501249645185, 0.022000906302803713], [0.0, 0.0, 0.0, 1.0]], 'mask_path': 'masks/23.png', 'fl_x': 1129.4247436523438, 'fl_y': 1129.4247436523438, 'cx': 640.0, 'cy': 360.0}, 'masked_images/24.png': {'file_path': 'masked_images/24.png', 'transform_matrix': [[-0.09858232039411163, -0.9910452000851162, -0.09006116243749673, 0.09466573093009878], [-0.9950448686825974, 0.09699328457288448, 0.021865183204572758, -0.04907617574685294], [-0.0129340173197523, 0.09177046204036987, -0.9956962925409865, 0.021446080247610133], [0.0, 0.0, 0.0, 1.0]], 'mask_path': 'masks/24.png', 'fl_x': 1266.8598937988281, 'fl_y': 1266.8598937988281, 'cx': 640.0, 'cy': 360.0}, 'masked_images/25.png': {'file_path': 'masked_images/25.png', 'transform_matrix': [[-0.2633411945805886, -0.9624730367463079, -0.0655497155825131, 0.10135452214745366], [-0.9641931699891351, 0.2648018456398954, -0.014534582221596315, -0.06409737148097353], [0.03134688902525973, 0.059375075314258785, -0.9977433401548095, 0.021628754901428127], [0.0, 0.0, 0.0, 1.0]], 'mask_path': 'masks/25.png', 'fl_x': 1233.0818176269531, 'fl_y': 1233.0818176269531, 'cx': 640.0, 'cy': 360.0}, 'masked_images/26.png': {'file_path': 'masked_images/26.png', 'transform_matrix': [[-0.45326387820048275, -0.8905058195901003, -0.03938373705146514, 0.1062970499435244], [-0.8883357414290058, 0.45492299413794046, -0.062486189605407194, -0.0832446078627006], [0.07356095067990154, 0.006663282998090603, -0.997268394685594, 0.022789079443012228], [0.0, 0.0, 0.0, 1.0]], 'mask_path': 'masks/26.png', 'fl_x': 1249.3345642089844, 'fl_y': 1249.3345642089844, 'cx': 640.0, 'cy': 360.0}, 'masked_images/27.png': {'file_path': 'masked_images/27.png', 'transform_matrix': [[-0.6097280307889186, -0.7921398565629953, -0.027312428356927043, 0.1068022439983417], [-0.7860082526367602, 0.6087285465146035, -0.1078906358955205, -0.10172102159579904], [0.10209041473401292, -0.04431615365477004, -0.993787463192878, 0.019918330502528614], [0.0, 0.0, 0.0, 1.0]], 'mask_path': 'masks/27.png', 'fl_x': 1253.7686920166016, 'fl_y': 1253.7686920166016, 'cx': 640.0, 'cy': 360.0}, 'masked_images/28.png': {'file_path': 'masked_images/28.png', 'transform_matrix': [[-0.7446932745467194, -0.6670182661855559, -0.022766241372518703, 0.10347022861242294], [-0.6567186095280586, 0.738421466580564, -0.15314766804321822, -0.12124808132648468], [0.11896346203372055, -0.09909703663477654, -0.9879409822172367, 0.007470515090972185], [0.0, 0.0, 0.0, 1.0]], 'mask_path': 'masks/28.png', 'fl_x': 1350.5216979980469, 'fl_y': 1350.5216979980469, 'cx': 640.0, 'cy': 360.0}, 'masked_images/29.png': {'file_path': 'masked_images/29.png', 'transform_matrix': [[-0.7934353634097313, -0.6082080566217378, -0.023308740167331088, 0.10147965815510482], [-0.5965820612868067, 0.7847170008495234, -0.16825319764134372, -0.12554946773058467], [0.120623771947308, -0.11959246716390126, -0.9854682512838928, 0.02172146549109487], [0.0, 0.0, 0.0, 1.0]], 'mask_path': 'masks/29.png', 'fl_x': 1287.1562194824219, 'fl_y': 1287.1562194824219, 'cx': 640.0, 'cy': 360.0}, 'masked_images/30.png': {'file_path': 'masked_images/30.png', 'transform_matrix': [[-0.8469734459711482, -0.5310411334970038, -0.025123133576204992, 0.09836015890402477], [-0.5178568840935514, 0.8347901502222657, -0.18694818853265627, -0.13070513904101028], [0.12024977917245927, -0.145329978496183, -0.9820484848009432, 0.031145169781741255], [0.0, 0.0, 0.0, 1.0]], 'mask_path': 'masks/30.png', 'fl_x': 1285.8360290527344, 'fl_y': 1285.8360290527344, 'cx': 640.0, 'cy': 360.0}, 'masked_images/31.png': {'file_path': 'masked_images/31.png', 'transform_matrix': [[-0.8997069701288378, -0.4353699396546027, -0.031314469595571714, 0.09408733596076763], [-0.4203041926454747, 0.8834608106574682, -0.20698194283360372, -0.13759840373402632], [0.11777887762953032, -0.17306149703241935, -0.9778435891586532, 0.037944215646598334], [0.0, 0.0, 0.0, 1.0]], 'mask_path': 'masks/31.png', 'fl_x': 1226.9428253173828, 'fl_y': 1226.9428253173828, 'cx': 640.0, 'cy': 360.0}, 'masked_images/32.png': {'file_path': 'masked_images/32.png', 'transform_matrix': [[-0.9459853471874116, -0.3220127730100444, -0.03767370733908049, 0.08882320467560734], [-0.305313684315609, 0.9239076443998571, -0.23060385540828365, -0.144875218031013], [0.10906448694548221, -0.20664561782051116, -0.9723180941576142, 0.04186389607647173], [0.0, 0.0, 0.0, 1.0]], 'mask_path': 'masks/32.png', 'fl_x': 1248.5549926757812, 'fl_y': 1248.5549926757812, 'cx': 640.0, 'cy': 360.0}, 'masked_images/33.png': {'file_path': 'masked_images/33.png', 'transform_matrix': [[-0.9735344027723887, -0.22380965298916067, -0.04625982717483579, 0.08355017838738454], [-0.20594040498178545, 0.9468681894052822, -0.2470406468043067, -0.15216627804591148], [0.09909209786124595, -0.23097582475502598, -0.9679002842929798, 0.04577237391344691], [0.0, 0.0, 0.0, 1.0]], 'mask_path': 'masks/33.png', 'fl_x': 1128.8141632080078, 'fl_y': 1128.8141632080078, 'cx': 640.0, 'cy': 360.0}, 'masked_images/34.png': {'file_path': 'masked_images/34.png', 'transform_matrix': [[-0.989967215181756, -0.13025121298649545, -0.05476912421420388, 0.07814942132552583], [-0.11161102122896338, 0.9585410732666328, -0.2621872752870775, -0.15940397408195273], [0.08664870994785501, -0.2534440105626876, -0.9634616126541066, 0.04968974616894872], [0.0, 0.0, 0.0, 1.0]], 'mask_path': 'masks/34.png', 'fl_x': 1008.6335754394531, 'fl_y': 1008.6335754394531, 'cx': 640.0, 'cy': 360.0}, 'masked_images/35.png': {'file_path': 'masked_images/35.png', 'transform_matrix': [[-0.9975813310021957, 0.0025789192021843377, -0.06946140895679731, 0.06903014624360593], [0.022136244606155486, 0.9590697384346876, -0.28230341311351115, -0.1627614224472821], [0.06589035457740211, -0.2831582651101465, -0.9568071517083345, 0.0516604095452447], [0.0, 0.0, 0.0, 1.0]], 'mask_path': 'masks/35.png', 'fl_x': 1099.3042755126953, 'fl_y': 1099.3042755126953, 'cx': 640.0, 'cy': 360.0}, 'masked_images/36.png': {'file_path': 'masked_images/36.png', 'transform_matrix': [[-0.9861445887457396, 0.14050301119001674, -0.08819205210457604, 0.059027989313835016], [0.16072298889197012, 0.9408642828463465, -0.2982324333613726, -0.16453990936716645], [0.04107422699622898, -0.3082748247359248, -0.9504103313973982, 0.05346924634617267], [0.0, 0.0, 0.0, 1.0]], 'mask_path': 'masks/36.png', 'fl_x': 1154.8754119873047, 'fl_y': 1154.8754119873047, 'cx': 640.0, 'cy': 360.0}, 'masked_images/37.png': {'file_path': 'masked_images/37.png', 'transform_matrix': [[0.8485318194915408, 0.3164349811666547, -0.4241019454617141, -0.0390807292752004], [0.27809870609247667, -0.9485564045319395, -0.1513332833681016, -0.06934338151975059], [-0.45017184725975135, 0.010468947670732476, -0.8928805665387289, 0.058470455387457515], [0.0, 0.0, 0.0, 1.0]], 'mask_path': 'masks/37.png', 'fl_x': 1265.6957244873047, 'fl_y': 1265.6957244873047, 'cx': 640.0, 'cy': 360.0}, 'masked_images/38.png': {'file_path': 'masked_images/38.png', 'transform_matrix': [[0.8965238920679868, -0.19347828991999272, -0.3985111241774544, -0.01937223586061898], [-0.2180816567878372, -0.9757847083459044, -0.016868167305429616, -0.025827082039225735], [-0.38559752277498527, 0.10203074297371639, -0.9170083296872921, 0.04531421276533776], [0.0, 0.0, 0.0, 1.0]], 'mask_path': 'masks/38.png', 'fl_x': 1148.5516357421875, 'fl_y': 1148.5516357421875, 'cx': 640.0, 'cy': 360.0}, 'masked_images/39.png': {'file_path': 'masked_images/39.png', 'transform_matrix': [[0.8608484992063898, -0.34519153674929637, -0.37387492083707996, -0.007236199523103615], [-0.3678083159976113, -0.9298289473719635, 0.011613460351044491, -0.017343791904977868], [-0.3516486994505601, 0.12751695573236832, -0.9274062518776606, 0.04014497801826966], [0.0, 0.0, 0.0, 1.0]], 'mask_path': 'masks/39.png', 'fl_x': 1120.163803100586, 'fl_y': 1120.163803100586, 'cx': 640.0, 'cy': 360.0}, 'masked_images/40.png': {'file_path': 'masked_images/40.png', 'transform_matrix': [[0.8083217427421152, -0.4750917682526232, -0.3477122286065586, 0.004406600697406726], [-0.4957985691172444, -0.8678050436710094, 0.0331378221068932, -0.013773543763129004], [-0.3174899794521955, 0.14560926202831492, -0.9370155420508122, 0.035964395058013354], [0.0, 0.0, 0.0, 1.0]], 'mask_path': 'masks/40.png', 'fl_x': 1153.7003326416016, 'fl_y': 1153.7003326416016, 'cx': 640.0, 'cy': 360.0}, 'masked_images/41.png': {'file_path': 'masked_images/41.png', 'transform_matrix': [[0.7487795763671796, -0.5789649035165798, -0.3226900720177657, 0.015515510621928463], [-0.5980074510314108, -0.8000624789050474, 0.047824521211621285, -0.011580028504859619], [-0.28586094522714367, 0.15716110211910905, -0.9452957142490366, 0.0322254105364288], [0.0, 0.0, 0.0, 1.0]], 'mask_path': 'masks/41.png', 'fl_x': 1134.4011688232422, 'fl_y': 1134.4011688232422, 'cx': 640.0, 'cy': 360.0}, 'masked_images/42.png': {'file_path': 'masked_images/42.png', 'transform_matrix': [[0.6578417583051008, -0.6954581071693084, -0.28910642983836254, 0.026951651815189326], [-0.7118851837479716, -0.6994832570692684, 0.06279233500807813, -0.012645655394892458], [-0.24589453371721115, 0.16450320750942815, -0.9552354910905265, 0.029011153745473806], [0.0, 0.0, 0.0, 1.0]], 'mask_path': 'masks/42.png', 'fl_x': 1283.7654113769531, 'fl_y': 1283.7654113769531, 'cx': 640.0, 'cy': 360.0}, 'masked_images/43.png': {'file_path': 'masked_images/43.png', 'transform_matrix': [[0.5712438345510398, -0.7784406087972116, -0.260212548656928, 0.038660391936119476], [-0.7932937138385041, -0.6049904754614026, 0.06834839676079607, -0.013557817549276263], [-0.2106312944433948, 0.16738146061244485, -0.9631292033607326, 0.02677184706501501], [0.0, 0.0, 0.0, 1.0]], 'mask_path': 'masks/43.png', 'fl_x': 1248.847885131836, 'fl_y': 1248.847885131836, 'cx': 640.0, 'cy': 360.0}, 'masked_images/44.png': {'file_path': 'masked_images/44.png', 'transform_matrix': [[0.4746958217904158, -0.8494326769767895, -0.2304943345692525, 0.0497880085993756], [-0.8625022532610682, -0.5011220378128864, 0.07047160746293857, -0.01606188148320889], [-0.17536670689879408, 0.16534939238525048, -0.9705183547634881, 0.024946031742626107], [0.0, 0.0, 0.0, 1.0]], 'mask_path': 'masks/44.png', 'fl_x': 1241.4978790283203, 'fl_y': 1241.4978790283203, 'cx': 640.0, 'cy': 360.0}, 'masked_images/45.png': {'file_path': 'masked_images/45.png', 'transform_matrix': [[0.37744170869316385, -0.9034620063643448, -0.2032095932260254, 0.06089383692533579], [-0.9150741064737498, -0.39754433744898465, 0.06780789821623223, -0.019755482932679563], [-0.14204667236825852, 0.1603583364307335, -0.9767845695969133, 0.023341949401104678], [0.0, 0.0, 0.0, 1.0]], 'mask_path': 'masks/45.png', 'fl_x': 1169.1519927978516, 'fl_y': 1169.1519927978516, 'cx': 640.0, 'cy': 360.0}, 'masked_images/46.png': {'file_path': 'masked_images/46.png', 'transform_matrix': [[0.24940740396815464, -0.9535152651633112, -0.16912845598757542, 0.07104138512464675], [-0.9628196188709945, -0.2628791638514316, 0.06223119319507742, -0.025900945108916384], [-0.10379873150179986, 0.1473193617977291, -0.9836273279152188, 0.02214151217319682], [0.0, 0.0, 0.0, 1.0]], 'mask_path': 'masks/46.png', 'fl_x': 1237.6524353027344, 'fl_y': 1237.6524353027344, 'cx': 640.0, 'cy': 360.0}, 'masked_images/47.png': {'file_path': 'masked_images/47.png', 'transform_matrix': [[0.13505880697125683, -0.9805724859180129, -0.14225398311136317, 0.08124379092596956], [-0.9882112611448841, -0.14375108744779974, 0.052665516610001406, -0.03193466137785683], [-0.07209151065450481, 0.1334641304093105, -0.9884279008570371, 0.020902412110033297], [0.0, 0.0, 0.0, 1.0]], 'mask_path': 'masks/47.png', 'fl_x': 1155.8213806152344, 'fl_y': 1155.8213806152344, 'cx': 640.0, 'cy': 360.0}, 'masked_images/48.png': {'file_path': 'masked_images/48.png', 'transform_matrix': [[0.14109732736783798, -0.9795151502644277, -0.143672837954548, 0.0814132427410752], [-0.9872542923983247, -0.15000982902254112, 0.053162858143852354, -0.03280275262869825], [-0.07362612613522757, 0.13434053351764152, -0.9881964246853641, 0.02102703241328352], [0.0, 0.0, 0.0, 1.0]], 'mask_path': 'masks/48.png', 'fl_x': 1141.2340545654297, 'fl_y': 1141.2340545654297, 'cx': 640.0, 'cy': 360.0}, 'masked_images/49.png': {'file_path': 'masked_images/49.png', 'transform_matrix': [[-0.10068799692867891, -0.9908716012277345, -0.08964006459287033, 0.09446755654625061], [-0.9948395859291252, 0.09913967921884814, 0.021573563171060517, -0.049261083631498476], [-0.012489705009380181, 0.09134973722294859, -0.9957405235549708, 0.02061085692888459], [0.0, 0.0, 0.0, 1.0]], 'mask_path': 'masks/49.png', 'fl_x': 1257.9275512695312, 'fl_y': 1257.9275512695312, 'cx': 640.0, 'cy': 360.0}}\n"
     ]
    }
   ],
   "source": [
    "all_frames = {}\n",
    "\n",
    "for f in data_1[\"frames\"]:\n",
    "    all_frames[f[\"file_path\"]] = f\n",
    "\n",
    "for f in data_2[\"frames\"]:\n",
    "    transform_f = f.copy()\n",
    "    transform_f[\"transform_matrix\"] = np.dot(corr, transform_f[\"transform_matrix\"]).tolist()\n",
    "    all_frames[f[\"file_path\"]] = transform_f\n",
    "\n",
    "print(all_frames)"
   ]
  },
  {
   "cell_type": "code",
   "execution_count": 116,
   "metadata": {},
   "outputs": [
    {
     "name": "stdout",
     "output_type": "stream",
     "text": [
